Algorithme de Gauss-Newton
Vraie Jacobienne = 1
Methode diff finies = complexes
------------------------------------------------------------------
         k     ||f'(beta)||   f(beta)      ||s||       exitflag 
------------------------------------------------------------------
            0   4.6322e+05   4.8070e+01

   1.0000e+00   1.5913e+04   1.0507e-01   5.0219e+00   4.0000e+00

   2.0000e+00   5.9024e+00   8.8621e-02   3.2964e-03   4.0000e+00

   3.0000e+00   3.9911e-01   8.8621e-02   6.8766e-04   4.0000e+00

   4.0000e+00   4.7690e-03   8.8621e-02   4.9165e-06   2.0000e+00

   4.0000e+00   4.7690e-03   8.8621e-02   4.9165e-06   2.0000e+00

   4.0000e+00   4.7690e-03   8.8621e-02   4.9165e-06   2.0000e+00

   4.0000e+00   4.7690e-03   8.8621e-02   4.9165e-06   2.0000e+00

   4.0000e+00   4.7690e-03   8.8621e-02   4.9165e-06   2.0000e+00

   4.0000e+00   4.7690e-03   8.8621e-02   4.9165e-06   2.0000e+00

   4.0000e+00   4.7690e-03   8.8621e-02   4.9165e-06   2.0000e+00

------------------------------------------------------------------
betak
  Columns 1 through 6

   1.0000e+01   1.5022e+01   1.5025e+01   1.5025e+01   1.5024e+01   1.5024e+01
   1.0000e-04   1.0633e-04   1.0433e-04   1.0432e-04   1.0432e-04   1.0432e-04

  Columns 7 through 11

   1.5024e+01   1.5024e+01   1.5024e+01   1.5024e+01   1.5024e+01
   1.0432e-04   1.0432e-04   1.0432e-04   1.0432e-04   1.0432e-04

Algorithme de Gauss-Newton
Vraie Jacobienne = 1
Methode diff finies = complexes
------------------------------------------------------------------
         k     ||f'(beta)||   f(beta)      ||s||       exitflag 
------------------------------------------------------------------
            0   4.6322e+05   4.8070e+01

   1.0000e+00   1.5913e+04   1.0507e-01   5.0219e+00   4.0000e+00

   2.0000e+00   5.9024e+00   8.8621e-02   3.2964e-03   4.0000e+00

   3.0000e+00   3.9911e-01   8.8621e-02   6.8766e-04   4.0000e+00

   4.0000e+00   4.7690e-03   8.8621e-02   4.9165e-06   2.0000e+00

   4.0000e+00   4.7690e-03   8.8621e-02   4.9165e-06   2.0000e+00

   4.0000e+00   4.7690e-03   8.8621e-02   4.9165e-06   2.0000e+00

   4.0000e+00   4.7690e-03   8.8621e-02   4.9165e-06   2.0000e+00

   4.0000e+00   4.7690e-03   8.8621e-02   4.9165e-06   2.0000e+00

   4.0000e+00   4.7690e-03   8.8621e-02   4.9165e-06   2.0000e+00

   4.0000e+00   4.7690e-03   8.8621e-02   4.9165e-06   2.0000e+00

------------------------------------------------------------------
betak
  Columns 1 through 5

   1.0000e+01   1.5022e+01   1.5025e+01   1.5025e+01   1.5024e+01
   1.0000e-04   1.0633e-04   1.0433e-04   1.0432e-04   1.0432e-04

  Columns 6 through 10

   1.5024e+01   1.5024e+01   1.5024e+01   1.5024e+01   1.5024e+01
   1.0432e-04   1.0432e-04   1.0432e-04   1.0432e-04   1.0432e-04

  Column 11

   1.5024e+01
   1.0432e-04

